(-0.2, 0.2, 18.0) : -7.11805225988   -
(-0.2, 0.2, 18.1) : -7.1180521984   -
(-0.2, 0.2, 18.2) : -7.11805212801   -
(-0.2, 0.2, 18.3) : -7.11805205165   -
(-0.2, 0.2, 18.4) : -7.11805197317   -
(-0.2, 0.2, 18.5) : -7.1180519005   -
(-0.2, 0.2, 18.6) : -7.1180518466   -
(-0.2, 0.2, 18.7) : -7.1180518215   -
(-0.2, 0.2, 18.8) : -7.11805182767   -
(-0.2, 0.2, 18.9) : -7.11805186649   -
(-0.2, 0.2, 19.0) : -7.11805194149   -
(-0.3, 0.3, 18.0) : 7.11805327162   +
(-0.3, 0.3, 18.1) : -7.11805286937   -
(-0.3, 0.3, 18.2) : 7.11805274652   +
(-0.3, 0.3, 18.3) : 7.11805191558   +
(-0.3, 0.3, 18.4) : 7.11805251903   +
(-0.3, 0.3, 18.5) : 7.11805232312   +
(-0.3, 0.3, 18.6) : -7.11805236951   -
(-0.3, 0.3, 18.7) : -7.11805235553   -
(-0.3, 0.3, 18.8) : -7.11805171931   -
(-0.3, 0.3, 18.9) : -7.11805502029   -
(-0.3, 0.3, 19.0) : -7.11805062417   -
(-0.4, 0.4, 18.0) : 7.11805205615   +
(-0.4, 0.4, 18.1) : 7.11805250987   +
(-0.4, 0.4, 18.2) : 7.11805190332   +
(-0.4, 0.4, 18.3) : 7.1180519159   +
(-0.4, 0.4, 18.4) : 7.11805196455   +
(-0.4, 0.4, 18.5) : -7.11805194362   -
(-0.4, 0.4, 18.6) : -7.11805194254   -
(-0.4, 0.4, 18.7) : -7.11805222011   -
(-0.4, 0.4, 18.8) : -7.11805166547   -
(-0.4, 0.4, 18.9) : -7.11805162782   -
(-0.4, 0.4, 19.0) : -7.11805094476   -
(-0.5, 0.5, 18.0) : 7.11805180951   +
(-0.5, 0.5, 18.1) : 7.1180523593   +
(-0.5, 0.5, 18.2) : -7.11805244136   -
(-0.5, 0.5, 18.3) : -7.11805277646   -
(-0.5, 0.5, 18.4) : -7.11805285628   -
(-0.5, 0.5, 18.5) : 7.11805184905   +
(-0.5, 0.5, 18.6) : 7.1180517523   +
(-0.5, 0.5, 18.7) : -7.11805176828   -
(-0.5, 0.5, 18.8) : 7.1180526269   +
(-0.5, 0.5, 18.9) : -7.11804644345   -
(-0.5, 0.5, 19.0) : -7.11805199966   -
(-0.6, 0.6, 18.0) : 7.11805219449   +
(-0.6, 0.6, 18.1) : 7.11805232453   +
(-0.6, 0.6, 18.2) : 7.11805234808   +
(-0.6, 0.6, 18.3) : 7.11805236961   +
(-0.6, 0.6, 18.4) : 7.11805238248   +
(-0.6, 0.6, 18.5) : 7.11805233316   +
(-0.6, 0.6, 18.6) : 7.1180523488   +
(-0.6, 0.6, 18.7) : 7.11805233425   +
(-0.6, 0.6, 18.8) : -7.11805232052   -
(-0.6, 0.6, 18.9) : -7.11805231066   -
(-0.6, 0.6, 19.0) : -7.11805235853   -
(-0.7, 0.7, 18.0) : -7.11805220765   -
(-0.7, 0.7, 18.1) : -7.11805187523   -
(-0.7, 0.7, 18.2) : -7.1180520018   -
(-0.7, 0.7, 18.3) : -7.11805245306   -
(-0.7, 0.7, 18.4) : -7.11805255303   -
(-0.7, 0.7, 18.5) : -7.11805160048   -
(-0.7, 0.7, 18.6) : -7.11805082149   -
(-0.7, 0.7, 18.7) : -7.11805194949   -
(-0.7, 0.7, 18.8) : 7.11804967194   +
(-0.7, 0.7, 18.9) : -7.11805547987   -
(-0.7, 0.7, 19.0) : 7.1180517347   +
(-0.8, 0.8, 18.0) : 7.11805220502   +
(-0.8, 0.8, 18.1) : 7.11805344531   +
(-0.8, 0.8, 18.2) : 7.11805251091   +
(-0.8, 0.8, 18.3) : -7.11805238561   -
(-0.8, 0.8, 18.4) : -7.11805169449   -
(-0.8, 0.8, 18.5) : -7.11805169569   -
(-0.8, 0.8, 18.6) : 7.1180516437   +
(-0.8, 0.8, 18.7) : -7.11805173054   -
(-0.8, 0.8, 18.8) : -7.11805179588   -
(-0.8, 0.8, 18.9) : -7.11805116898   -
(-0.8, 0.8, 19.0) : 7.1180526997   +
(-0.9, 0.9, 18.0) : -7.11805137686   -
(-0.9, 0.9, 18.1) : 7.11805454697   +
(-0.9, 0.9, 18.2) : 7.11805258177   +
(-0.9, 0.9, 18.3) : 7.11805187152   +
(-0.9, 0.9, 18.4) : 7.11805208486   +
(-0.9, 0.9, 18.5) : -7.1180521376   -
(-0.9, 0.9, 18.6) : -7.11805190049   -
(-0.9, 0.9, 18.7) : -7.11805216543   -
(-0.9, 0.9, 18.8) : -7.11805183124   -
(-0.9, 0.9, 18.9) : -7.11805453864   -
(-0.9, 0.9, 19.0) : -7.11805304006   -
(-1.0, 1.0, 18.0) : -7.11805257535   -
(-1.0, 1.0, 18.1) : -7.11805159908   -
(-1.0, 1.0, 18.2) : 7.11805098602   +
(-1.0, 1.0, 18.3) : -7.11802872677   -
(-1.0, 1.0, 18.4) : -7.11805172831   -
(-1.0, 1.0, 18.5) : 7.11805221295   +
(-1.0, 1.0, 18.6) : -7.11805339011   -
(-1.0, 1.0, 18.7) : -7.11805288057   -
(-1.0, 1.0, 18.8) : 7.11805287731   +
(-1.0, 1.0, 18.9) : 7.11805216861   +
(-1.0, 1.0, 19.0) : -7.1180520004   -
(-1.1, 1.1, 18.0) : -7.11805259332   -
(-1.1, 1.1, 18.1) : 7.11805184906   +
(-1.1, 1.1, 18.2) : 7.11805193699   +
(-1.1, 1.1, 18.3) : -7.11805204666   -
(-1.1, 1.1, 18.4) : -7.11805250058   -
(-1.1, 1.1, 18.5) : -7.11805199542   -
(-1.1, 1.1, 18.6) : -7.11805296311   -
(-1.1, 1.1, 18.7) : -7.11805177913   -
(-1.1, 1.1, 18.8) : 7.11805243806   +
(-1.1, 1.1, 18.9) : -7.11805209034   -
(-1.1, 1.1, 19.0) : 7.11805145762   +
(-1.2, 1.2, 18.0) : 7.11805164056   +
(-1.2, 1.2, 18.1) : -7.11805240668   -
(-1.2, 1.2, 18.2) : -7.11805142367   -
(-1.2, 1.2, 18.3) : 7.11805124974   +
(-1.2, 1.2, 18.4) : -7.11805122983   -
(-1.2, 1.2, 18.5) : -7.11805143216   -
(-1.2, 1.2, 18.6) : -7.11805285351   -
(-1.2, 1.2, 18.7) : -7.11805266439   -
(-1.2, 1.2, 18.8) : -7.11806888056   -
(-1.2, 1.2, 18.9) : 7.11805151183   +
(-1.2, 1.2, 19.0) : 7.1180526663   +
Positive: 
(-0.3, 0.3, 18.0)
(-0.3, 0.3, 18.2)
(-0.3, 0.3, 18.3)
(-0.3, 0.3, 18.4)
(-0.3, 0.3, 18.5)
(-0.4, 0.4, 18.0)
(-0.4, 0.4, 18.1)
(-0.4, 0.4, 18.2)
(-0.4, 0.4, 18.3)
(-0.4, 0.4, 18.4)
(-0.5, 0.5, 18.0)
(-0.5, 0.5, 18.1)
(-0.5, 0.5, 18.5)
(-0.5, 0.5, 18.6)
(-0.5, 0.5, 18.8)
(-0.6, 0.6, 18.0)
(-0.6, 0.6, 18.1)
(-0.6, 0.6, 18.2)
(-0.6, 0.6, 18.3)
(-0.6, 0.6, 18.4)
(-0.6, 0.6, 18.5)
(-0.6, 0.6, 18.6)
(-0.6, 0.6, 18.7)
(-0.7, 0.7, 18.8)
(-0.7, 0.7, 19.0)
(-0.8, 0.8, 18.0)
(-0.8, 0.8, 18.1)
(-0.8, 0.8, 18.2)
(-0.8, 0.8, 18.6)
(-0.8, 0.8, 19.0)
(-0.9, 0.9, 18.1)
(-0.9, 0.9, 18.2)
(-0.9, 0.9, 18.3)
(-0.9, 0.9, 18.4)
(-1.0, 1.0, 18.2)
(-1.0, 1.0, 18.5)
(-1.0, 1.0, 18.8)
(-1.0, 1.0, 18.9)
(-1.1, 1.1, 18.1)
(-1.1, 1.1, 18.2)
(-1.1, 1.1, 18.8)
(-1.1, 1.1, 19.0)
(-1.2, 1.2, 18.0)
(-1.2, 1.2, 18.3)
(-1.2, 1.2, 18.9)
(-1.2, 1.2, 19.0)
Negatives: 
(-0.2, 0.2, 18.0)
(-0.2, 0.2, 18.1)
(-0.2, 0.2, 18.2)
(-0.2, 0.2, 18.3)
(-0.2, 0.2, 18.4)
(-0.2, 0.2, 18.5)
(-0.2, 0.2, 18.6)
(-0.2, 0.2, 18.7)
(-0.2, 0.2, 18.8)
(-0.2, 0.2, 18.9)
(-0.2, 0.2, 19.0)
(-0.3, 0.3, 18.1)
(-0.3, 0.3, 18.6)
(-0.3, 0.3, 18.7)
(-0.3, 0.3, 18.8)
(-0.3, 0.3, 18.9)
(-0.3, 0.3, 19.0)
(-0.4, 0.4, 18.5)
(-0.4, 0.4, 18.6)
(-0.4, 0.4, 18.7)
(-0.4, 0.4, 18.8)
(-0.4, 0.4, 18.9)
(-0.4, 0.4, 19.0)
(-0.5, 0.5, 18.2)
(-0.5, 0.5, 18.3)
(-0.5, 0.5, 18.4)
(-0.5, 0.5, 18.7)
(-0.5, 0.5, 18.9)
(-0.5, 0.5, 19.0)
(-0.6, 0.6, 18.8)
(-0.6, 0.6, 18.9)
(-0.6, 0.6, 19.0)
(-0.7, 0.7, 18.0)
(-0.7, 0.7, 18.1)
(-0.7, 0.7, 18.2)
(-0.7, 0.7, 18.3)
(-0.7, 0.7, 18.4)
(-0.7, 0.7, 18.5)
(-0.7, 0.7, 18.6)
(-0.7, 0.7, 18.7)
(-0.7, 0.7, 18.9)
(-0.8, 0.8, 18.3)
(-0.8, 0.8, 18.4)
(-0.8, 0.8, 18.5)
(-0.8, 0.8, 18.7)
(-0.8, 0.8, 18.8)
(-0.8, 0.8, 18.9)
(-0.9, 0.9, 18.0)
(-0.9, 0.9, 18.5)
(-0.9, 0.9, 18.6)
(-0.9, 0.9, 18.7)
(-0.9, 0.9, 18.8)
(-0.9, 0.9, 18.9)
(-0.9, 0.9, 19.0)
(-1.0, 1.0, 18.0)
(-1.0, 1.0, 18.1)
(-1.0, 1.0, 18.3)
(-1.0, 1.0, 18.4)
(-1.0, 1.0, 18.6)
(-1.0, 1.0, 18.7)
(-1.0, 1.0, 19.0)
(-1.1, 1.1, 18.0)
(-1.1, 1.1, 18.3)
(-1.1, 1.1, 18.4)
(-1.1, 1.1, 18.5)
(-1.1, 1.1, 18.6)
(-1.1, 1.1, 18.7)
(-1.1, 1.1, 18.9)
(-1.2, 1.2, 18.1)
(-1.2, 1.2, 18.2)
(-1.2, 1.2, 18.4)
(-1.2, 1.2, 18.5)
(-1.2, 1.2, 18.6)
(-1.2, 1.2, 18.7)
(-1.2, 1.2, 18.8)
